.Random.seed <-
c(403L, 10L, -1082380909L, 1990089265L, -258959136L, 1721479550L, 
1946170377L, 296416315L, 502159882L, 1724735980L, -1390168465L, 
-271271515L, -1568423588L, 417013042L, -1650097107L, 811465447L, 
1067413518L, 315179496L, -1353120789L, 365681801L, -573143016L, 
953038662L, 1778443681L, -486966221L, 1061163426L, 817530004L, 
-123096297L, -1116799731L, 1535310884L, 1381436426L, 1653109109L, 
-869103409L, 1946266582L, 1116185472L, 1444722627L, 1466278241L, 
265234384L, 1815359278L, 79712985L, 1351725291L, 378069338L, 
-243037412L, 1856306719L, 216385141L, -1742933236L, 372190946L, 
188416957L, 581547063L, -1068558626L, 2082202136L, -1466995333L, 
270476569L, 137603496L, -1023271594L, 1227152849L, -2066295421L, 
-2087941102L, -1237243996L, 1223712615L, 1995054269L, 1356282932L, 
541626266L, 975555557L, -61864065L, 1321645830L, -509312880L, 
-686761677L, -887607599L, 1783258240L, 665636190L, -1463156055L, 
-577024677L, -67481750L, 368068108L, -42643889L, -466763003L, 
1775915964L, 1702651538L, -1603672691L, -882002489L, 1942046382L, 
-1500123384L, 645033227L, -1994535959L, -1670746952L, -1782584474L, 
-1771421695L, 48778899L, -988262078L, 847806196L, 1726155511L, 
-2088764691L, 837612932L, 2018622378L, -586391275L, 241019823L, 
69473206L, -1091376672L, 2064894243L, -1614586303L, 1008341296L, 
143360846L, 200976825L, -926460981L, 17418362L, 1760639356L, 
1024420287L, -2012019051L, 221912236L, -1879865726L, -277983651L, 
-1805651625L, 495655998L, -1834995592L, -178341029L, 2143930041L, 
-2018985208L, -722497098L, -111997199L, 1767237923L, -1759470734L, 
-495119932L, 1053493639L, 87036765L, -1020142252L, -381956230L, 
-226935099L, 1370664991L, 2141919142L, 684935472L, 1250173907L, 
-1328883215L, -1773273312L, 1089616318L, -282203703L, -589722245L, 
1010899786L, -289764436L, -1815317841L, 1779183717L, 248971292L, 
1521143410L, 1447637229L, 1580368167L, 1831832910L, 437943720L, 
939346347L, -1457061175L, 1485791960L, 1852788614L, -791887263L, 
-1151681549L, -901640606L, -972793644L, -840015401L, 1701110733L, 
1702274916L, -12840118L, -1284033867L, -382377457L, 2022712086L, 
406015424L, -1472467581L, 659235745L, -703620208L, -963164050L, 
2057899545L, 129085099L, -218975590L, 791973468L, -879826081L, 
-607812299L, -280161076L, -1748754910L, -1580658563L, -1322514057L, 
389785246L, 47662424L, -1191312197L, 710662745L, -580394520L, 
423359510L, -1834623087L, 1663213635L, 1588610898L, -1002312732L, 
-1103441369L, 214534781L, -1133456524L, 1142402906L, -1147115099L, 
212010431L, 831157830L, -1345334064L, 1973980915L, -1848199151L, 
860864064L, -651275746L, 1539497193L, -66673125L, 429839914L, 
-1877923508L, -356478193L, -1586747835L, -194248708L, -948664750L, 
-307512371L, -1134889593L, -706056082L, 337111112L, -1057936821L, 
-2030778455L, 9963256L, 76427814L, -840471743L, -673066797L, 
1371608194L, -1490152780L, 1947723319L, -166916819L, -406690236L, 
-1802708118L, -765794347L, -1827094161L, 1145998454L, 480610208L, 
344268899L, -1075583743L, -1100027792L, 925063824L, 382985250L, 
660800520L, 167970956L, -591875044L, 1022439058L, -742964096L, 
1716850708L, 503307560L, -974672326L, 19958992L, 1231127660L, 
1094296244L, 700026898L, -1495607328L, 1842599884L, 1314897376L, 
1025308194L, 1224532264L, 1848056076L, -313162180L, -1964609294L, 
-1492344080L, 1267204932L, 1636651608L, -2007180742L, -824934672L, 
810755260L, -409266668L, -808683326L, -1200949152L, 343233916L, 
-1593666352L, 906468386L, -523378008L, 1748309900L, -525045316L, 
1936520242L, -1129810112L, -1771628364L, -1768060088L, 1838045882L, 
400971536L, 1770201324L, -709344172L, 1064341266L, 1935514528L, 
1977479116L, 1101466464L, 468144322L, -1191811544L, -345750100L, 
-1252024516L, -1752246414L, 1645587248L, -1089654236L, -1250142152L, 
1173546202L, -505632368L, 951011068L, -485421164L, -1957377214L, 
-1900174848L, -2025465284L, 1621376592L, -1642366302L, -534406328L, 
1716699660L, 1061805276L, -177501614L, 1795238016L, 1687604052L, 
903436776L, -1057064198L, -953284784L, 875609132L, 1694860660L, 
-1608608110L, -1382389152L, -1637371252L, -1188934816L, -497970462L, 
1624309928L, -1515048756L, 92830204L, 755064754L, 1488094704L, 
1796801988L, -400904360L, -51733638L, -1966172752L, 562133436L, 
1276663892L, 891841474L, -984546528L, -1594589252L, -715232688L, 
-935436830L, -1216573080L, 61914444L, -1402283780L, -351980814L, 
-1160657152L, 310077044L, -491890680L, -1163630150L, -930428976L, 
-2026145300L, 188604308L, -136195374L, -1374249376L, -852773556L, 
1910981920L, 693572226L, 1553070568L, -1453053972L, 925247036L, 
554425970L, 1035617136L, -971790044L, -1557212616L, 784560538L, 
713578960L, -657400388L, 1351194772L, 619674754L, -1430358592L, 
580772668L, -98544496L, -573467870L, 54521352L, 446102796L, 1933956508L, 
-584606190L, -141341824L, -1207532780L, 1131974952L, 1164872762L, 
-1512105008L, 1692840556L, -823432652L, 871676562L, -1067696800L, 
1550317900L, -1177352224L, -1432558174L, -299602520L, 417638028L, 
942501308L, -702951822L, 1916214256L, -565471676L, 118712408L, 
1243224122L, -888383376L, -1151424452L, 1752471828L, -402812222L, 
-1704415520L, 932632700L, 1423716048L, 1516308898L, 1206902824L, 
-2035160308L, -616599108L, 815690546L, 1456749248L, 1616053300L, 
819939016L, -1092344646L, 619972240L, -137933076L, 1716619860L, 
-944020846L, -1651371744L, 1851988428L, 809702112L, 1681148098L, 
134878248L, 260147116L, 1430549180L, 369519602L, -1086788048L, 
-1646176348L, 213360056L, 1800251226L, 1832009872L, 242488188L, 
2084126996L, 2069899586L, -1793976064L, -1472688708L, -425121456L, 
-954001118L, -682384824L, -100497396L, -825891236L, -2132469294L, 
-1838109184L, -1276523180L, 1714683112L, -450086662L, 1791237840L, 
-1251083476L, 1407576308L, -848871022L, 1212253536L, 1393288204L, 
1939922144L, -1099885982L, -1119734616L, 1800234060L, 366366588L, 
-1418729166L, -126066064L, -438070460L, -1660589096L, -1589380230L, 
501119024L, -946417732L, 2023086676L, -1254080446L, -371358048L, 
529167036L, -59235376L, -1867885214L, 725360360L, 1996501586L, 
-1632245337L, 1975959025L, -2144655050L, -714825260L, -1915156635L, 
-256018577L, -1193272920L, 323280646L, 1373899315L, 1475713173L, 
-2106291982L, 1100558656L, -860029271L, -821008613L, -2019815188L, 
1728916730L, -1115503313L, 787947833L, -1491795122L, -921200228L, 
398504717L, -1893206665L, -416464512L, 1648138206L, 1354535083L, 
-666856531L, -67676134L, -1600094504L, 561352513L, -661082125L, 
-2056752620L, -2001413214L, -1753791305L, -1630785919L, -1144375674L, 
-1932955964L, -265875467L, -2124179873L, 952070328L, -1332849258L, 
-341944413L, 1910496101L, -467142014L, -275400720L, -1179168359L, 
56082315L, -856327556L, 1085483178L, -2074866977L, -1562429335L, 
424030846L, -1321923988L, 112772797L, 1265695623L, 2113171312L, 
-500525554L, -1144288453L, -346499043L, -154672950L, -1827357720L, 
1634445521L, -1576651581L, 837798852L, 674607218L, 1241203015L, 
-358191855L, -1428309866L, 1375854068L, 1203556229L, 500174543L, 
-685585464L, 193546854L, 324867219L, -1551295499L, -539796014L, 
1874177568L, 361746441L, -1836432069L, 1188530316L, -208255718L, 
2117921679L, 664933593L, 521706350L, 1513790204L, -1362155411L, 
150627351L, -307423776L, -147881538L, 2050758539L, -1057122291L, 
-388476870L, 1130528888L, -693793759L, -64983341L, 1235332596L, 
-1908453758L, 1364052759L, -1094407711L, -1051379930L, -1883086300L, 
1753158869L, -323500929L, -366024424L, -1858734026L, 2024582851L, 
-711785723L, 1061529250L, 1949230224L, 427824185L, -557953813L, 
139439580L, 1580798986L, -1072725249L, 2128943945L, 1506816222L, 
530656908L, -1606317475L, 1167607911L, 670111120L, -514443858L, 
-236859301L, 1227135037L, 415579818L, 1024412488L, -1670242447L, 
-1184782109L, -566980636L, -1930344686L, 305470183L, 1343585457L, 
-690114826L, 776902932L, 1700273701L, -45796561L, 729855208L, 
2069501382L, -449530765L, -2059231531L, -553139022L, -727168896L, 
-1178213271L, -990105381L, -1476971476L, -1980896198L, 1940044527L, 
